%YAML:1.0
---
K1: !!opencv-matrix
   rows: 3
   cols: 3
   dt: d
   data: [ 1.0861685759619641e+03, 0., 6.7403893812366846e+02, 0.,
       1.0842059859633059e+03, 4.9561719730174320e+02, 0., 0., 1. ]
K2: !!opencv-matrix
   rows: 3
   cols: 3
   dt: d
   data: [ 1.0856113081995070e+03, 0., 6.5405204929503361e+02, 0.,
       1.0842197123780763e+03, 4.9369884984405934e+02, 0., 0., 1. ]
D1: !!opencv-matrix
   rows: 1
   cols: 5
   dt: d
   data: [ -1.1211933874023614e-01, 1.8198297259226584e-01,
       -3.9116314499831504e-04, 1.5542346381651544e-03,
       -1.5615223456607355e-02 ]
D2: !!opencv-matrix
   rows: 1
   cols: 5
   dt: d
   data: [ -1.1654728541950599e-01, 1.9604257905838718e-01,
       -1.2971086457308992e-03, 6.0677411979720224e-04,
       -3.8904550040032106e-02 ]
R: !!opencv-matrix
   rows: 3
   cols: 3
   dt: d
   data: [ 9.9988064653352615e-01, -9.6261181242192420e-03,
       1.2084309560599577e-02, 9.5146146386850018e-03,
       9.9991194207155043e-01, 9.2509573006126188e-03,
       -1.2172296249070737e-02, -9.1348756181468989e-03,
       9.9988418791951394e-01 ]
T: [ -7.9412899406426846e-02, 8.7472724027112261e-04,
    2.7798675851370549e-04 ]
E: !!opencv-matrix
   rows: 3
   cols: 3
   dt: d
   data: [ -1.3292375987627277e-05, -2.8595280411529596e-04,
       8.7205429265642300e-04, -6.8868375774223825e-04,
       -7.2810289192854264e-04, 7.9407061711372781e-02,
       -1.6302059737355855e-03, -7.9397486243271614e-02,
       -7.4521581627922512e-04 ]
F: !!opencv-matrix
   rows: 3
   cols: 3
   dt: d
   data: [ 2.0412158573286611e-08, 4.3991230428671893e-07,
       -1.6863314008772226e-03, 1.0589201592126026e-06,
       1.1215575547829979e-06, -1.3388678052209968e-01,
       2.1815719878645330e-03, 1.3176141352671741e-01, 1. ]
R1: !!opencv-matrix
   rows: 3
   cols: 3
   dt: d
   data: [ 9.9975168084841726e-01, -2.0606721397182112e-02,
       8.4817258870683778e-03, 2.0567324735152215e-02,
       9.9977739362026885e-01, 4.7062043199211645e-03,
       -8.5768172420336124e-03, -4.5305892686233898e-03,
       9.9995295487681612e-01 ]
R2: !!opencv-matrix
   rows: 3
   cols: 3
   dt: d
   data: [ 9.9993321555524450e-01, -1.1014190750316339e-02,
       -3.5002901971854295e-03, 1.0997765894593255e-02,
       9.9992858235829107e-01, -4.6775344216760132e-03,
       3.5515594710757640e-03, 4.6387266629850481e-03,
       9.9998293417451356e-01 ]
P1: !!opencv-matrix
   rows: 3
   cols: 4
   dt: d
   data: [ 1.0842128491706912e+03, 0., 6.6096285247802734e+02, 0., 0.,
       1.0842128491706912e+03, 4.9458727264404297e+02, 0., 0., 0., 1.,
       0. ]
P2: !!opencv-matrix
   rows: 3
   cols: 4
   dt: d
   data: [ 1.0842128491706912e+03, 0., 6.6096285247802734e+02,
       -8.6106236483541096e+01, 0., 1.0842128491706912e+03,
       4.9458727264404297e+02, 0., 0., 0., 1., 0. ]
Q: !!opencv-matrix
   rows: 4
   cols: 4
   dt: d
   data: [ 1., 0., 0., -6.6096285247802734e+02, 0., 1., 0.,
       -4.9458727264404297e+02, 0., 0., 0., 1.0842128491706912e+03, 0.,
       0., 1.2591571684565899e+01, 0. ]
