%YAML:1.0
---
K1: !!opencv-matrix
   rows: 3
   cols: 3
   dt: d
   data: [ 1.2909213901693613e+03, 0., 6.3807581285968308e+02, 0.,
       1.2896217953297748e+03, 4.9072990645766367e+02, 0., 0., 1. ]
K2: !!opencv-matrix
   rows: 3
   cols: 3
   dt: d
   data: [ 1.3091006578548993e+03, 0., 6.5584962758025392e+02, 0.,
       1.3084842106731071e+03, 5.0246529943861782e+02, 0., 0., 1. ]
D1: !!opencv-matrix
   rows: 1
   cols: 5
   dt: d
   data: [ -3.4015272889551501e-01, 1.6511599025863075e-01,
       -1.5689138043433475e-03, 4.3624512687599830e-04,
       -3.5742843050639586e-02 ]
D2: !!opencv-matrix
   rows: 1
   cols: 5
   dt: d
   data: [ -3.4971780854715911e-01, 2.1257003030448360e-01,
       -1.2855047198354677e-03, 1.9821343491941354e-03,
       -1.0303538143298922e-01 ]
R: !!opencv-matrix
   rows: 3
   cols: 3
   dt: d
   data: [ 9.9968367752911913e-01, 9.2366619080799031e-03,
       2.3392925397479936e-02, -1.0098010421422526e-02,
       9.9926518865801817e-01, 3.6974490149078158e-02,
       -2.3034215145845065e-02, -3.7199016291445959e-02,
       9.9904237053268352e-01 ]
T: [ -8.3866228094796241e-02, 5.6084590152930675e-04,
    7.0040239001331840e-03 ]
E: !!opencv-matrix
   rows: 3
   cols: 3
   dt: d
   data: [ 5.7808061175945846e-05, -7.0197401797598338e-03,
       3.0133860626799626e-04, 5.0700156285809327e-03,
       -3.0550473844388071e-03, 8.3949759932037959e-02,
       2.8621355193869950e-04, -8.3809782583157896e-02,
       -3.1140308508653433e-03 ]
F: !!opencv-matrix
   rows: 3
   cols: 3
   dt: d
   data: [ -7.5012714130638331e-09, 9.1181125009818895e-07,
       -4.9314454276543074e-04, -6.5820371386062775e-07,
       3.9701454116241570e-07, -1.3844071628693663e-02,
       2.8702481935226592e-04, 1.3453710398666816e-02, 1. ]
R1: !!opencv-matrix
   rows: 3
   cols: 3
   dt: d
   data: [ 9.9817773912277541e-01, 5.6410728272383998e-03,
       -6.0078110964830705e-02, -4.5353818980201372e-03,
       9.9981811618195759e-01, 1.8524709590188062e-02,
       6.0171682964529315e-02, -1.8218475559702765e-02,
       9.9802177116408475e-01 ]
R2: !!opencv-matrix
   rows: 3
   cols: 3
   dt: d
   data: [ 9.9650869498864003e-01, -6.6640390311934316e-03,
       -8.3222661552177724e-02, 5.1343818033870820e-03,
       9.9981417851619647e-01, -1.8580811647514860e-02,
       8.3331020247772281e-02, 1.8088643447591823e-02,
       9.9635773798505289e-01 ]
P1: !!opencv-matrix
   rows: 3
   cols: 4
   dt: d
   data: [ 1.2990530030014411e+03, 0., 7.7705541992187500e+02, 0., 0.,
       1.2990530030014411e+03, 4.8908070373535156e+02, 0., 0., 0., 1.,
       0. ]
P2: !!opencv-matrix
   rows: 3
   cols: 4
   dt: d
   data: [ 1.2990530030014411e+03, 0., 7.7705541992187500e+02,
       -1.0932837415752890e+02, 0., 1.2990530030014411e+03,
       4.8908070373535156e+02, 0., 0., 0., 1., 0. ]
Q: !!opencv-matrix
   rows: 4
   cols: 4
   dt: d
   data: [ 1., 0., 0., -7.7705541992187500e+02, 0., 1., 0.,
       -4.8908070373535156e+02, 0., 0., 0., 1.2990530030014411e+03, 0.,
       0., 1.1882121297529437e+01, 0. ]
