%YAML:1.0
---
K1: !!opencv-matrix
   rows: 3
   cols: 3
   dt: d
   data: [ 1.0758422320349655e+03, 0., 6.7499395263438021e+02, 0.,
       1.0754147471923000e+03, 4.9829420227229667e+02, 0., 0., 1. ]
K2: !!opencv-matrix
   rows: 3
   cols: 3
   dt: d
   data: [ 1.0734485134473557e+03, 0., 6.4996645264182268e+02, 0.,
       1.0731230042402146e+03, 5.0036046366059622e+02, 0., 0., 1. ]
D1: !!opencv-matrix
   rows: 1
   cols: 5
   dt: d
   data: [ -1.0749333071704038e-01, 1.4599597628684510e-01,
       4.3237467629438271e-04, 1.7871482086415568e-03,
       6.2317942669663472e-02 ]
D2: !!opencv-matrix
   rows: 1
   cols: 5
   dt: d
   data: [ -1.0655280807990079e-01, 1.3475489742994282e-01,
       2.2361673368249385e-04, 3.8711420801388230e-04,
       7.1181862953989719e-02 ]
R: !!opencv-matrix
   rows: 3
   cols: 3
   dt: d
   data: [ 9.9982766423196601e-01, -9.9051982746062896e-03,
       1.5701238282114768e-02, 9.8130338367529539e-03,
       9.9993423137805160e-01, 5.9361001763710971e-03,
       -1.5759003882534942e-02, -5.7810003914467905e-03,
       9.9985910699013203e-01 ]
T: [ -7.8959933334080551e-02, 8.6606109135649127e-04,
    -6.7626943354923716e-04 ]
E: !!opencv-matrix
   rows: 3
   cols: 3
   dt: d
   data: [ -7.0120052670189775e-06, 6.7121825673237810e-04,
       8.6995347250636652e-04, -1.9204827841134840e-03,
       -4.4976882268657129e-04, 7.8938190163895069e-02,
       -1.6407483356082378e-03, -7.8946161741248216e-02,
       -4.8231230575294226e-04 ]
F: !!opencv-matrix
   rows: 3
   cols: 3
   dt: d
   data: [ 8.9370371101926182e-09, -8.5583036048777688e-07,
       -7.7245490039481437e-04, 2.4484625182399925e-06,
       5.7364734780806055e-07, -1.1021119972557164e-01,
       1.0138611819069446e-03, 1.0832206590678582e-01, 1. ]
R1: !!opencv-matrix
   rows: 3
   cols: 3
   dt: d
   data: [ 9.9948828450543714e-01, -2.0920325400745402e-02,
       2.4197295747767317e-02, 2.0851974239247562e-02,
       9.9977784925313629e-01, 3.0736481742081700e-03,
       -2.4256222020416697e-02, -2.5675139532207380e-03,
       9.9970247752288599e-01 ]
R2: !!opencv-matrix
   rows: 3
   cols: 3
   dt: d
   data: [ 9.9990318440166803e-01, -1.0967299572933737e-02,
       8.5638871712108450e-03, 1.0993642953225573e-02,
       9.9993496185397823e-01, -3.0351073622173182e-03,
       -8.5300432601890172e-03, 3.1289618343340016e-03,
       9.9995872312801926e-01 ]
P1: !!opencv-matrix
   rows: 3
   cols: 4
   dt: d
   data: [ 1.0742688757162573e+03, 0., 6.3842095184326172e+02, 0., 0.,
       1.0742688757162573e+03, 5.0063077545166016e+02, 0., 0., 0., 1.,
       0. ]
P2: !!opencv-matrix
   rows: 3
   cols: 4
   dt: d
   data: [ 1.0742688757162573e+03, 0., 6.3842095184326172e+02,
       -8.4832411910150341e+01, 0., 1.0742688757162573e+03,
       5.0063077545166016e+02, 0., 0., 0., 1., 0. ]
Q: !!opencv-matrix
   rows: 4
   cols: 4
   dt: d
   data: [ 1., 0., 0., -6.3842095184326172e+02, 0., 1., 0.,
       -5.0063077545166016e+02, 0., 0., 0., 1.0742688757162573e+03, 0.,
       0., 1.2663424881212404e+01, 0. ]
